18997842531
18921789356
18938926547
18965428391
18947852936
18989674521
18975624891
18992765418
18951384629
18949283175
18976413589
18994735826
18956298173
18984621957
18991534862
18957186942
18929381765
18954987613
18941956728
18964178932
18957493281
18927943856
18973526814
18967243851
18956178234
18937196548
18924975368
18969547231
18971839246
18997163854
18941593827
18929358764
18997462531
18939846712
18936417259
18967893514
18937862159
18997528136
18918523674
18952673891
18945982137
18923546871
18967592138
18945823691
18936189725
18934512968
18991325687
18916953782
18952413768
18973184569
18989463751
18984672315
18971594632
18978365249
18967241359
18927634895
18942867153
18993751246
18945812376
18995413682
18912567894
18921745983
18927481935
18917928453
18948392675
18989125763
18917569283
18914983675
18962138759
18989146257
18981739625
18995673248
18931897524
18952761483
18989364157
18954176982
18957498263
18943295178
18928573941
18995834621
18924978163
18946752918
18936918542
18937259418
18945713689
18961295873
18949153628
18984753629
18953172468
18954136287
18931297846
18979643128
18978463529
18947983125
18995613748
18934158796
18927543861
18984762531
18932165784
18984625193
18956183279
18943278156
18976245391
18919425673
18973591486
18961582497
18935698124
18961725849
18913482975
18937569248
18986942317
18925746189
18959238714
18923965187
18989372146
18913582679
18937465289
18986495732
18959217468
18941735692
18915892736
18917392486
18975813946
18938276954
18913897624
18925169437
18967254189
18953492176
18913274968
18952864719
18993125648
18926893154
18928615497
18995163487
18951638724
18948156792
18996821753
18953647819
18972391684
18951293487
18916382597
18928956173
18962953481
18989574623
18974583162
18971962345
18913982765
18981796425
18925381946
18998623471
18921493856
18929847613
18928349651
18975839462
18975469281
18914358279
18932798156
18987463291
18958167239
18958439627
18975193428
18956847231
18964823719
18937561489
18913465729
18984735129
18917546398
18927694851
18995681247
18957294638
18915693482
18914736892
18927413596
18986392514
18923618749
18914356897
18969318752
18938214759
18932768914
18961538927
18936159428
18915927486
18952317689
18952873461
18928671539
18915938472
18968173945
18931628794
18943859271
18915937482
18992718456
18952648973
18923879561
18952963748
18917623849
18938956421
18995831246
18994837526
18998614235
18935974826
18993625814
18948219365
18958793462
18913468927
18996735124
18987543926
18963179845
18952683791
18993254867
18964897351
18982765413
18976593241
18987936142
18915964273
18987369421
18984612953
18945612897
18931865749
18992638754
18931467259
18963247851
18936295178
18937984126
18969857423
18973156824
18993247651
18986742531
18925847369
18978462915
18916328794
18957142893
18963918254
18954627398
18946183972
18928679413
18951246983
18953741286
18956798124
18984293516
18949167532
18989732651
18971248653
18914532978
18942893156
18948917263
18957946382
18964295718
18919234687
18986943721
18943719682
18917394852
18949621875
18972196543
18994835726
18996175438
18912956487
18918753264
18989437156
18961945382
18916372984
18969572381
18936942185
18982963571
18962893541
18971458369
18927689513
18938495217
18927346895
18989237514
18934729156
18915238746
18941839657
18989321475
18982346915
18982165379
18941795362
18917954863
18948162397
18927584631
18927918654
18969413257
18982164957
18973182946
18953197862
18996573814
18941637285
18996845137
18927643591
18932854167
18916398724
18923759841
18913679248
18981465739
18969852143
18931982546
18965841792
18956148927
18946751298
18953864219
18971462395
18935672894
18973829541
18964521378
18916237548
18954879136
18924571936
18936521897
18997324851
18985321674
18918275643
18921586749
18958746932
18947938261
18974162983
18995438671
18992163875
18976859413
18914967583
18973614928
18969481723
18938167249
18971245893
18939648217
18938194652
18936592814
18953867219
18929178543
18967139452
18938952764
18978431625
18962378145
18925174389
18929315786
18992453816
18957381649
18929456837
18941673592
18991634578
18931867452
18945298136
18975843926
18952478319
18984317965
18978196253
18932168947
18937986421
18937158942
18964531897
18995278436
18928196347
18934971652
18972943851
18952876349
18936892451
18967483192
18973246819
18916834297
18938195427
18975348691
18957983614
18939871542
18921653947
18963498175
18912367945
18952479168
18915384976
18982193647
18921396458
18954217639
18958932167
18991763528
18915238764
18947986152
18986394527
18945278136
18952348769
18973562198
18947392561
18917296453
18974531892
18921386495
18981729364
18943958612
18983472956
18925394871
18939856724
18989243715
18923481697
18932154687
18978541926
18989651732
18967328451
18971435629
18917924563
18936198752
18956824793
18949568721
18958917324
18919827345
18983176524
18925391687
18914362875
18978346592
18965843912
18953718469
18965489127
18927564381
18958964231
18935462719
18971936824
18946178235
18986753194
18947613859
18953418927
18994571836
18981563427
18961349275
18958371462
18979163428
18963781542
18937125948
18993768521
18925647831
18913958467
18993426517
18987296431
18928714365
18959274831
18958672931
18914798652
18925491768
18964915287
18956874291
18963548271
18949361728
18943591872
18945879362
18954986713
18914782693
18923569741
18956972314
18998713245
18985673942
18979253184
18963148752
18942135697
18951392647
18956418397
18936957412
18943681957
18941598367
18986172354
18994256813
18976512893
18974651283
18913675892
18989726541
18996841527
18918974265
18929534678
18954823967
18986194253
18992374581
18946185739
18927685943
18994537612
18991752846
18929571384
18967593182
18925349716
18943526791
18913724596
18956842973
18978125439
18919526487
18993587124
18934128756
18921639748
18995486371
18992674538
18921389745
18953429167
18971384962
18918923467
18971986432
18995146783
18942359768
18917439658
18961942573
18949571682
18968592174
18917423865
18948917265
18971248396
18985631427
18991384267
18989137254
18945973182
18931897456
18942376819
18981234975
18934169782
18931456978
18959863472
18921547983
18965318247
18976491823
18982491356
18912758946
18965973418
18926475198
18927138469
18943259716
18915678234
18972196485
18919678243
18974563198
18972346859
18971426938
18957469813
18924798135
18958342791
18959768432
18946978352
18924936785
18913962458
18954271698
18991548623
18936295847
18925384976
18994176582
18924197365
18997143652
18939562174
18976253189
18927493561
18934279561
18969825741
18938571642
18932987615
18984132796
18993742865
18919432786
18949713265
18996578213
18953289146
18992357486
18974328516
18958369217
18992865341
18935296478
18935286147
18997358214
18969275483
18941672598
18942157836
18915873964
18935719264
18971356824
18946597813
18912564738
18948937165
18982435619
18972816354
18924916387
18929164837
18916458732
18981537694
18947823916
18982695413
18989243657
18965349871
18987619534
18971239456
18958214637
18976253819
18924396158
18934786295
18926759314
18941735692
18967432958
18949785316
18952643189
18937428965
18958472319
18997286543
18956238741
18912548769
18924519783
18958769214
18935769421
18995362781
18968795324
18916589734
18952379164
18938149267
18978532961
18972694518
18963195748
18939754182
18925169378
18993657214
18994637218
18925786149
18985326947
18919462358
18916853249
18916954328
18981236795
18996275841
18947298516
18954327168
18962139857
18969742351
18931674285
18929837146
18983925674
18972356489
18917869253
18997526341
18978342159
18949325816
18995816734
18948921367
18943579862
18974136259
18925396148
18959824173
18965219438
18974196382
18974381295